service_id,monday,tuesday,wednesday,thursday,friday,saturday,sunday,start_date,end_date
1001M,0,1,0,0,0,0,0,20240521,20240521
1002X,0,0,1,0,0,0,0,20240522,20240522
1003J,0,0,0,1,0,0,0,20240523,20240523
1004V,0,0,0,0,1,0,0,20240524,20240524
1005S,0,0,0,0,0,1,0,20240525,20240525
1006D,0,0,0,0,0,0,1,20240526,20240526
1007L,1,0,0,0,0,0,0,20240527,20240527
1008M,0,1,0,0,0,0,0,20240528,20240528
1009X,0,0,1,0,0,0,0,20240529,20240529
1010J,0,0,0,1,0,0,0,20240530,20240530
1011V,0,0,0,0,1,0,0,20240531,20240531
1012S,0,0,0,0,0,1,0,20240601,20240601
1013D,0,0,0,0,0,0,1,20240602,20240602
1014L,1,0,0,0,0,0,0,20240603,20240603
1015M,0,1,0,0,0,0,0,20240604,20240604
1016X,0,0,1,0,0,0,0,20240605,20240605
1017J,0,0,0,1,0,0,0,20240606,20240606
1018V,0,0,0,0,1,0,0,20240607,20240607
1019S,0,0,0,0,0,1,0,20240608,20240608
1020D,0,0,0,0,0,0,1,20240609,20240609
1021L,1,0,0,0,0,0,0,20240610,20240610
1022M,0,1,0,0,0,0,0,20240611,20240611
1023X,0,0,1,0,0,0,0,20240612,20240612
1024J,0,0,0,1,0,0,0,20240613,20240613
1025V,0,0,0,0,1,0,0,20240614,20240614
1094X,0,0,1,0,0,0,0,20240515,20240515
1095J,0,0,0,1,0,0,0,20240516,20240516
1096V,0,0,0,0,1,0,0,20240517,20240517
1097S,0,0,0,0,0,1,0,20240518,20240518
1098D,0,0,0,0,0,0,1,20240519,20240519
1099L,1,0,0,0,0,0,0,20240520,20240520
2001M,0,1,0,0,0,0,0,20240521,20240521
2002X,0,0,1,0,0,0,0,20240522,20240522
2003J,0,0,0,1,0,0,0,20240523,20240523
2004V,0,0,0,0,1,0,0,20240524,20240524
2005S,0,0,0,0,0,1,0,20240525,20240525
2006D,0,0,0,0,0,0,1,20240526,20240526
2007L,1,0,0,0,0,0,0,20240527,20240527
2008M,0,1,0,0,0,0,0,20240528,20240528
2009X,0,0,1,0,0,0,0,20240529,20240529
2010J,0,0,0,1,0,0,0,20240530,20240530
2011V,0,0,0,0,1,0,0,20240531,20240531
2012S,0,0,0,0,0,1,0,20240601,20240601
2013D,0,0,0,0,0,0,1,20240602,20240602
2014L,1,0,0,0,0,0,0,20240603,20240603
2015M,0,1,0,0,0,0,0,20240604,20240604
2016X,0,0,1,0,0,0,0,20240605,20240605
2017J,0,0,0,1,0,0,0,20240606,20240606
2018V,0,0,0,0,1,0,0,20240607,20240607
2019S,0,0,0,0,0,1,0,20240608,20240608
2020D,0,0,0,0,0,0,1,20240609,20240609
2021L,1,0,0,0,0,0,0,20240610,20240610
2022M,0,1,0,0,0,0,0,20240611,20240611
2023X,0,0,1,0,0,0,0,20240612,20240612
2024J,0,0,0,1,0,0,0,20240613,20240613
2025V,0,0,0,0,1,0,0,20240614,20240614
2094X,0,0,1,0,0,0,0,20240515,20240515
2095J,0,0,0,1,0,0,0,20240516,20240516
2096V,0,0,0,0,1,0,0,20240517,20240517
2097S,0,0,0,0,0,1,0,20240518,20240518
2098D,0,0,0,0,0,0,1,20240519,20240519
2099L,1,0,0,0,0,0,0,20240520,20240520
3001M,0,1,0,0,0,0,0,20240521,20240521
3002X,0,0,1,0,0,0,0,20240522,20240522
3003J,0,0,0,1,0,0,0,20240523,20240523
3004V,0,0,0,0,1,0,0,20240524,20240524
3005S,0,0,0,0,0,1,0,20240525,20240525
3006D,0,0,0,0,0,0,1,20240526,20240526
3007L,1,0,0,0,0,0,0,20240527,20240527
3008M,0,1,0,0,0,0,0,20240528,20240528
3009X,0,0,1,0,0,0,0,20240529,20240529
3010J,0,0,0,1,0,0,0,20240530,20240530
3011V,0,0,0,0,1,0,0,20240531,20240531
3012S,0,0,0,0,0,1,0,20240601,20240601
3013D,0,0,0,0,0,0,1,20240602,20240602
3014L,1,0,0,0,0,0,0,20240603,20240603
3015M,0,1,0,0,0,0,0,20240604,20240604
3016X,0,0,1,0,0,0,0,20240605,20240605
3017J,0,0,0,1,0,0,0,20240606,20240606
3018V,0,0,0,0,1,0,0,20240607,20240607
3019S,0,0,0,0,0,1,0,20240608,20240608
3020D,0,0,0,0,0,0,1,20240609,20240609
3021L,1,0,0,0,0,0,0,20240610,20240610
3022M,0,1,0,0,0,0,0,20240611,20240611
3023X,0,0,1,0,0,0,0,20240612,20240612
3024J,0,0,0,1,0,0,0,20240613,20240613
3025V,0,0,0,0,1,0,0,20240614,20240614
3094X,0,0,1,0,0,0,0,20240515,20240515
3095J,0,0,0,1,0,0,0,20240516,20240516
3096V,0,0,0,0,1,0,0,20240517,20240517
3097S,0,0,0,0,0,1,0,20240518,20240518
3098D,0,0,0,0,0,0,1,20240519,20240519
3099L,1,0,0,0,0,0,0,20240520,20240520
3101M,0,1,0,0,0,0,0,20240521,20240521
3102X,0,0,1,0,0,0,0,20240522,20240522
3103J,0,0,0,1,0,0,0,20240523,20240523
3104V,0,0,0,0,1,0,0,20240524,20240524
3105S,0,0,0,0,0,1,0,20240525,20240525
3106D,0,0,0,0,0,0,1,20240526,20240526
3107L,1,0,0,0,0,0,0,20240527,20240527
3108M,0,1,0,0,0,0,0,20240528,20240528
3109X,0,0,1,0,0,0,0,20240529,20240529
3110J,0,0,0,1,0,0,0,20240530,20240530
3111V,0,0,0,0,1,0,0,20240531,20240531
3112S,0,0,0,0,0,1,0,20240601,20240601
3113D,0,0,0,0,0,0,1,20240602,20240602
3114L,1,0,0,0,0,0,0,20240603,20240603
3115M,0,1,0,0,0,0,0,20240604,20240604
3116X,0,0,1,0,0,0,0,20240605,20240605
3117J,0,0,0,1,0,0,0,20240606,20240606
3118V,0,0,0,0,1,0,0,20240607,20240607
3119S,0,0,0,0,0,1,0,20240608,20240608
3120D,0,0,0,0,0,0,1,20240609,20240609
3121L,1,0,0,0,0,0,0,20240610,20240610
3122M,0,1,0,0,0,0,0,20240611,20240611
3123X,0,0,1,0,0,0,0,20240612,20240612
3124J,0,0,0,1,0,0,0,20240613,20240613
3125V,0,0,0,0,1,0,0,20240614,20240614
3194X,0,0,1,0,0,0,0,20240515,20240515
3195J,0,0,0,1,0,0,0,20240516,20240516
3196V,0,0,0,0,1,0,0,20240517,20240517
3197S,0,0,0,0,0,1,0,20240518,20240518
3198D,0,0,0,0,0,0,1,20240519,20240519
3199L,1,0,0,0,0,0,0,20240520,20240520
3201M,0,1,0,0,0,0,0,20240521,20240521
3202X,0,0,1,0,0,0,0,20240522,20240522
3203J,0,0,0,1,0,0,0,20240523,20240523
3204V,0,0,0,0,1,0,0,20240524,20240524
3205S,0,0,0,0,0,1,0,20240525,20240525
3206D,0,0,0,0,0,0,1,20240526,20240526
3207L,1,0,0,0,0,0,0,20240527,20240527
3208M,0,1,0,0,0,0,0,20240528,20240528
3209X,0,0,1,0,0,0,0,20240529,20240529
3210J,0,0,0,1,0,0,0,20240530,20240530
3211V,0,0,0,0,1,0,0,20240531,20240531
3212S,0,0,0,0,0,1,0,20240601,20240601
3213D,0,0,0,0,0,0,1,20240602,20240602
3214L,1,0,0,0,0,0,0,20240603,20240603
3215M,0,1,0,0,0,0,0,20240604,20240604
3216X,0,0,1,0,0,0,0,20240605,20240605
3217J,0,0,0,1,0,0,0,20240606,20240606
3218V,0,0,0,0,1,0,0,20240607,20240607
3219S,0,0,0,0,0,1,0,20240608,20240608
3220D,0,0,0,0,0,0,1,20240609,20240609
3221L,1,0,0,0,0,0,0,20240610,20240610
3222M,0,1,0,0,0,0,0,20240611,20240611
3223X,0,0,1,0,0,0,0,20240612,20240612
3224J,0,0,0,1,0,0,0,20240613,20240613
3225V,0,0,0,0,1,0,0,20240614,20240614
3294X,0,0,1,0,0,0,0,20240515,20240515
3295J,0,0,0,1,0,0,0,20240516,20240516
3296V,0,0,0,0,1,0,0,20240517,20240517
3297S,0,0,0,0,0,1,0,20240518,20240518
3298D,0,0,0,0,0,0,1,20240519,20240519
3299L,1,0,0,0,0,0,0,20240520,20240520
4001M,0,1,0,0,0,0,0,20240521,20240521
4002X,0,0,1,0,0,0,0,20240522,20240522
4003J,0,0,0,1,0,0,0,20240523,20240523
4004V,0,0,0,0,1,0,0,20240524,20240524
4005S,0,0,0,0,0,1,0,20240525,20240525
4006D,0,0,0,0,0,0,1,20240526,20240526
4007L,1,0,0,0,0,0,0,20240527,20240527
4008M,0,1,0,0,0,0,0,20240528,20240528
4009X,0,0,1,0,0,0,0,20240529,20240529
4010J,0,0,0,1,0,0,0,20240530,20240530
4011V,0,0,0,0,1,0,0,20240531,20240531
4012S,0,0,0,0,0,1,0,20240601,20240601
4013D,0,0,0,0,0,0,1,20240602,20240602
4014L,1,0,0,0,0,0,0,20240603,20240603
4015M,0,1,0,0,0,0,0,20240604,20240604
4016X,0,0,1,0,0,0,0,20240605,20240605
4017J,0,0,0,1,0,0,0,20240606,20240606
4018V,0,0,0,0,1,0,0,20240607,20240607
4019S,0,0,0,0,0,1,0,20240608,20240608
4020D,0,0,0,0,0,0,1,20240609,20240609
4021L,1,0,0,0,0,0,0,20240610,20240610
4022M,0,1,0,0,0,0,0,20240611,20240611
4023X,0,0,1,0,0,0,0,20240612,20240612
4024J,0,0,0,1,0,0,0,20240613,20240613
4025V,0,0,0,0,1,0,0,20240614,20240614
4094X,0,0,1,0,0,0,0,20240515,20240515
4095J,0,0,0,1,0,0,0,20240516,20240516
4096V,0,0,0,0,1,0,0,20240517,20240517
4097S,0,0,0,0,0,1,0,20240518,20240518
4098D,0,0,0,0,0,0,1,20240519,20240519
4099L,1,0,0,0,0,0,0,20240520,20240520
4101M,0,1,0,0,0,0,0,20240521,20240521
4102X,0,0,1,0,0,0,0,20240522,20240522
4103J,0,0,0,1,0,0,0,20240523,20240523
4104V,0,0,0,0,1,0,0,20240524,20240524
4105S,0,0,0,0,0,1,0,20240525,20240525
4106D,0,0,0,0,0,0,1,20240526,20240526
4107L,1,0,0,0,0,0,0,20240527,20240527
4108M,0,1,0,0,0,0,0,20240528,20240528
4109X,0,0,1,0,0,0,0,20240529,20240529
4110J,0,0,0,1,0,0,0,20240530,20240530
4111V,0,0,0,0,1,0,0,20240531,20240531
4112S,0,0,0,0,0,1,0,20240601,20240601
4113D,0,0,0,0,0,0,1,20240602,20240602
4114L,1,0,0,0,0,0,0,20240603,20240603
4115M,0,1,0,0,0,0,0,20240604,20240604
4116X,0,0,1,0,0,0,0,20240605,20240605
4117J,0,0,0,1,0,0,0,20240606,20240606
4118V,0,0,0,0,1,0,0,20240607,20240607
4119S,0,0,0,0,0,1,0,20240608,20240608
4120D,0,0,0,0,0,0,1,20240609,20240609
4121L,1,0,0,0,0,0,0,20240610,20240610
4122M,0,1,0,0,0,0,0,20240611,20240611
4123X,0,0,1,0,0,0,0,20240612,20240612
4124J,0,0,0,1,0,0,0,20240613,20240613
4125V,0,0,0,0,1,0,0,20240614,20240614
4194X,0,0,1,0,0,0,0,20240515,20240515
4195J,0,0,0,1,0,0,0,20240516,20240516
4196V,0,0,0,0,1,0,0,20240517,20240517
4197S,0,0,0,0,0,1,0,20240518,20240518
4198D,0,0,0,0,0,0,1,20240519,20240519
4199L,1,0,0,0,0,0,0,20240520,20240520
5001M,0,1,0,0,0,0,0,20240521,20240521
5002X,0,0,1,0,0,0,0,20240522,20240522
5003J,0,0,0,1,0,0,0,20240523,20240523
5004V,0,0,0,0,1,0,0,20240524,20240524
5005S,0,0,0,0,0,1,0,20240525,20240525
5006D,0,0,0,0,0,0,1,20240526,20240526
5007L,1,0,0,0,0,0,0,20240527,20240527
5008M,0,1,0,0,0,0,0,20240528,20240528
5009X,0,0,1,0,0,0,0,20240529,20240529
5010J,0,0,0,1,0,0,0,20240530,20240530
5011V,0,0,0,0,1,0,0,20240531,20240531
5012S,0,0,0,0,0,1,0,20240601,20240601
5013D,0,0,0,0,0,0,1,20240602,20240602
5014L,1,0,0,0,0,0,0,20240603,20240603
5015M,0,1,0,0,0,0,0,20240604,20240604
5016X,0,0,1,0,0,0,0,20240605,20240605
5017J,0,0,0,1,0,0,0,20240606,20240606
5018V,0,0,0,0,1,0,0,20240607,20240607
5019S,0,0,0,0,0,1,0,20240608,20240608
5020D,0,0,0,0,0,0,1,20240609,20240609
5021L,1,0,0,0,0,0,0,20240610,20240610
5022M,0,1,0,0,0,0,0,20240611,20240611
5023X,0,0,1,0,0,0,0,20240612,20240612
5024J,0,0,0,1,0,0,0,20240613,20240613
5025V,0,0,0,0,1,0,0,20240614,20240614
5094X,0,0,1,0,0,0,0,20240515,20240515
5095J,0,0,0,1,0,0,0,20240516,20240516
5096V,0,0,0,0,1,0,0,20240517,20240517
5097S,0,0,0,0,0,1,0,20240518,20240518
5098D,0,0,0,0,0,0,1,20240519,20240519
5099L,1,0,0,0,0,0,0,20240520,20240520
6001M,0,1,0,0,0,0,0,20240521,20240521
6002X,0,0,1,0,0,0,0,20240522,20240522
6003J,0,0,0,1,0,0,0,20240523,20240523
6004V,0,0,0,0,1,0,0,20240524,20240524
6005S,0,0,0,0,0,1,0,20240525,20240525
6006D,0,0,0,0,0,0,1,20240526,20240526
6007L,1,0,0,0,0,0,0,20240527,20240527
6008M,0,1,0,0,0,0,0,20240528,20240528
6009X,0,0,1,0,0,0,0,20240529,20240529
6010J,0,0,0,1,0,0,0,20240530,20240530
6011V,0,0,0,0,1,0,0,20240531,20240531
6012S,0,0,0,0,0,1,0,20240601,20240601
6013D,0,0,0,0,0,0,1,20240602,20240602
6014L,1,0,0,0,0,0,0,20240603,20240603
6015M,0,1,0,0,0,0,0,20240604,20240604
6016X,0,0,1,0,0,0,0,20240605,20240605
6017J,0,0,0,1,0,0,0,20240606,20240606
6018V,0,0,0,0,1,0,0,20240607,20240607
6019S,0,0,0,0,0,1,0,20240608,20240608
6020D,0,0,0,0,0,0,1,20240609,20240609
6021L,1,0,0,0,0,0,0,20240610,20240610
6022M,0,1,0,0,0,0,0,20240611,20240611
6023X,0,0,1,0,0,0,0,20240612,20240612
6024J,0,0,0,1,0,0,0,20240613,20240613
6025V,0,0,0,0,1,0,0,20240614,20240614
6094X,0,0,1,0,0,0,0,20240515,20240515
6095J,0,0,0,1,0,0,0,20240516,20240516
6096V,0,0,0,0,1,0,0,20240517,20240517
6097S,0,0,0,0,0,1,0,20240518,20240518
6098D,0,0,0,0,0,0,1,20240519,20240519
6099L,1,0,0,0,0,0,0,20240520,20240520
6101M,0,1,0,0,0,0,0,20240521,20240521
6102X,0,0,1,0,0,0,0,20240522,20240522
6103J,0,0,0,1,0,0,0,20240523,20240523
6104V,0,0,0,0,1,0,0,20240524,20240524
6105S,0,0,0,0,0,1,0,20240525,20240525
6106D,0,0,0,0,0,0,1,20240526,20240526
6107L,1,0,0,0,0,0,0,20240527,20240527
6108M,0,1,0,0,0,0,0,20240528,20240528
6109X,0,0,1,0,0,0,0,20240529,20240529
6110J,0,0,0,1,0,0,0,20240530,20240530
6111V,0,0,0,0,1,0,0,20240531,20240531
6112S,0,0,0,0,0,1,0,20240601,20240601
6113D,0,0,0,0,0,0,1,20240602,20240602
6114L,1,0,0,0,0,0,0,20240603,20240603
6115M,0,1,0,0,0,0,0,20240604,20240604
6116X,0,0,1,0,0,0,0,20240605,20240605
6117J,0,0,0,1,0,0,0,20240606,20240606
6118V,0,0,0,0,1,0,0,20240607,20240607
6119S,0,0,0,0,0,1,0,20240608,20240608
6120D,0,0,0,0,0,0,1,20240609,20240609
6121L,1,0,0,0,0,0,0,20240610,20240610
6122M,0,1,0,0,0,0,0,20240611,20240611
6123X,0,0,1,0,0,0,0,20240612,20240612
6124J,0,0,0,1,0,0,0,20240613,20240613
6125V,0,0,0,0,1,0,0,20240614,20240614
6194X,0,0,1,0,0,0,0,20240515,20240515
6195J,0,0,0,1,0,0,0,20240516,20240516
6196V,0,0,0,0,1,0,0,20240517,20240517
6197S,0,0,0,0,0,1,0,20240518,20240518
6198D,0,0,0,0,0,0,1,20240519,20240519
6199L,1,0,0,0,0,0,0,20240520,20240520
6201M,0,1,0,0,0,0,0,20240521,20240521
6202X,0,0,1,0,0,0,0,20240522,20240522
6203J,0,0,0,1,0,0,0,20240523,20240523
6204V,0,0,0,0,1,0,0,20240524,20240524
6205S,0,0,0,0,0,1,0,20240525,20240525
6206D,0,0,0,0,0,0,1,20240526,20240526
6207L,1,0,0,0,0,0,0,20240527,20240527
6208M,0,1,0,0,0,0,0,20240528,20240528
6209X,0,0,1,0,0,0,0,20240529,20240529
6210J,0,0,0,1,0,0,0,20240530,20240530
6211V,0,0,0,0,1,0,0,20240531,20240531
6212S,0,0,0,0,0,1,0,20240601,20240601
6213D,0,0,0,0,0,0,1,20240602,20240602
6214L,1,0,0,0,0,0,0,20240603,20240603
6215M,0,1,0,0,0,0,0,20240604,20240604
6216X,0,0,1,0,0,0,0,20240605,20240605
6217J,0,0,0,1,0,0,0,20240606,20240606
6218V,0,0,0,0,1,0,0,20240607,20240607
6219S,0,0,0,0,0,1,0,20240608,20240608
6220D,0,0,0,0,0,0,1,20240609,20240609
6221L,1,0,0,0,0,0,0,20240610,20240610
6222M,0,1,0,0,0,0,0,20240611,20240611
6223X,0,0,1,0,0,0,0,20240612,20240612
6224J,0,0,0,1,0,0,0,20240613,20240613
6225V,0,0,0,0,1,0,0,20240614,20240614
6294X,0,0,1,0,0,0,0,20240515,20240515
6295J,0,0,0,1,0,0,0,20240516,20240516
6296V,0,0,0,0,1,0,0,20240517,20240517
6297S,0,0,0,0,0,1,0,20240518,20240518
6298D,0,0,0,0,0,0,1,20240519,20240519
6299L,1,0,0,0,0,0,0,20240520,20240520
7001M,0,1,0,0,0,0,0,20240521,20240521
7002X,0,0,1,0,0,0,0,20240522,20240522
7003J,0,0,0,1,0,0,0,20240523,20240523
7004V,0,0,0,0,1,0,0,20240524,20240524
7005S,0,0,0,0,0,1,0,20240525,20240525
7006D,0,0,0,0,0,0,1,20240526,20240526
7007L,1,0,0,0,0,0,0,20240527,20240527
7008M,0,1,0,0,0,0,0,20240528,20240528
7009X,0,0,1,0,0,0,0,20240529,20240529
7010J,0,0,0,1,0,0,0,20240530,20240530
7011V,0,0,0,0,1,0,0,20240531,20240531
7012S,0,0,0,0,0,1,0,20240601,20240601
7013D,0,0,0,0,0,0,1,20240602,20240602
7014L,1,0,0,0,0,0,0,20240603,20240603
7015M,0,1,0,0,0,0,0,20240604,20240604
7016X,0,0,1,0,0,0,0,20240605,20240605
7017J,0,0,0,1,0,0,0,20240606,20240606
7018V,0,0,0,0,1,0,0,20240607,20240607
7019S,0,0,0,0,0,1,0,20240608,20240608
7020D,0,0,0,0,0,0,1,20240609,20240609
7021L,1,0,0,0,0,0,0,20240610,20240610
7022M,0,1,0,0,0,0,0,20240611,20240611
7023X,0,0,1,0,0,0,0,20240612,20240612
7024J,0,0,0,1,0,0,0,20240613,20240613
7025V,0,0,0,0,1,0,0,20240614,20240614
7094X,0,0,1,0,0,0,0,20240515,20240515
7095J,0,0,0,1,0,0,0,20240516,20240516
7096V,0,0,0,0,1,0,0,20240517,20240517
7097S,0,0,0,0,0,1,0,20240518,20240518
7098D,0,0,0,0,0,0,1,20240519,20240519
7099L,1,0,0,0,0,0,0,20240520,20240520
